>> a=5
a =  5
>> b=4
b =  4
>> c=a*b
c =  20
>> who
Variables in the current scope:

a  b  c

>> whos
Variables in the current scope:

   Attr Name        Size                     Bytes  Class
   ==== ====        ====                     =====  ===== 
        a           1x1                          8  double
        b           1x1                          8  double
        c           1x1                          8  double

Total is 3 elements using 24 bytes

>> pi
ans =  3.1416
>> sqrt(2)
ans =  1.4142
>> exp(1)
ans =  2.7183
>> clear
>> who
>> a = 1:10
a =

    1    2    3    4    5    6    7    8    9   10

>> b=1:0.1:10
b =

 Columns 1 through 13:

     1.0000     1.1000     1.2000     1.3000     1.4000     1.5000     1.6000     1.7000     1.8000     1.9000     2.0000     2.1000     2.2000

 Columns 14 through 26:

     2.3000     2.4000     2.5000     2.6000     2.7000     2.8000     2.9000     3.0000     3.1000     3.2000     3.3000     3.4000     3.5000

 Columns 27 through 39:

     3.6000     3.7000     3.8000     3.9000     4.0000     4.1000     4.2000     4.3000     4.4000     4.5000     4.6000     4.7000     4.8000

 Columns 40 through 52:

     4.9000     5.0000     5.1000     5.2000     5.3000     5.4000     5.5000     5.6000     5.7000     5.8000     5.9000     6.0000     6.1000

 Columns 53 through 65:

     6.2000     6.3000     6.4000     6.5000     6.6000     6.7000     6.8000     6.9000     7.0000     7.1000     7.2000     7.3000     7.4000

 Columns 66 through 78:

     7.5000     7.6000     7.7000     7.8000     7.9000     8.0000     8.1000     8.2000     8.3000     8.4000     8.5000     8.6000     8.7000

 Columns 79 through 91:

     8.8000     8.9000     9.0000     9.1000     9.2000     9.3000     9.4000     9.5000     9.6000     9.7000     9.8000     9.9000    10.0000

>> A=[1 2 3;7 8 2;0 6 3]
A =

   1   2   3
   7   8   2
   0   6   3

>> A'
ans =

   1   7   0
   2   8   6
   3   2   3

>> det(A)
ans =  96.000
>> inv(A)
ans =

   0.125000   0.125000  -0.208333
  -0.218750   0.031250   0.197917
   0.437500  -0.062500  -0.062500

>> B=[23;11;4]
B =

   23
   11
    4

>> x=A\B
x =

   3.4167
  -3.8958
   9.1250

>> x=inv(A)*B
x =

   3.4167
  -3.8958
   9.1250

>> diary off
