>> diary off
>> x=0:pi/60:2*pi
x =

 Columns 1 through 13:

    0.00000    0.05236    0.10472    0.15708    0.20944    0.26180    0.31416    0.36652    0.41888    0.47124    0.52360    0.57596    0.62832

 Columns 14 through 26:

    0.68068    0.73304    0.78540    0.83776    0.89012    0.94248    0.99484    1.04720    1.09956    1.15192    1.20428    1.25664    1.30900

 Columns 27 through 39:

    1.36136    1.41372    1.46608    1.51844    1.57080    1.62316    1.67552    1.72788    1.78024    1.83260    1.88496    1.93732    1.98968

 Columns 40 through 52:

    2.04204    2.09440    2.14675    2.19911    2.25147    2.30383    2.35619    2.40855    2.46091    2.51327    2.56563    2.61799    2.67035

 Columns 53 through 65:

    2.72271    2.77507    2.82743    2.87979    2.93215    2.98451    3.03687    3.08923    3.14159    3.19395    3.24631    3.29867    3.35103

 Columns 66 through 78:

    3.40339    3.45575    3.50811    3.56047    3.61283    3.66519    3.71755    3.76991    3.82227    3.87463    3.92699    3.97935    4.03171

 Columns 79 through 91:

    4.08407    4.13643    4.18879    4.24115    4.29351    4.34587    4.39823    4.45059    4.50295    4.55531    4.60767    4.66003    4.71239

 Columns 92 through 104:

    4.76475    4.81711    4.86947    4.92183    4.97419    5.02655    5.07891    5.13127    5.18363    5.23599    5.28835    5.34071    5.39307

 Columns 105 through 117:

    5.44543    5.49779    5.55015    5.60251    5.65487    5.70723    5.75959    5.81195    5.86431    5.91667    5.96903    6.02139    6.07375

 Columns 118 through 121:

    6.12611    6.17847    6.23083    6.28319

>> y=sin(x)
y =

 Columns 1 through 15:

   0.00000   0.05234   0.10453   0.15643   0.20791   0.25882   0.30902   0.35837   0.40674   0.45399   0.50000   0.54464   0.58779   0.62932   0.66913

 Columns 16 through 30:

   0.70711   0.74314   0.77715   0.80902   0.83867   0.86603   0.89101   0.91355   0.93358   0.95106   0.96593   0.97815   0.98769   0.99452   0.99863

 Columns 31 through 45:

   1.00000   0.99863   0.99452   0.98769   0.97815   0.96593   0.95106   0.93358   0.91355   0.89101   0.86603   0.83867   0.80902   0.77715   0.74314

 Columns 46 through 60:

   0.70711   0.66913   0.62932   0.58779   0.54464   0.50000   0.45399   0.40674   0.35837   0.30902   0.25882   0.20791   0.15643   0.10453   0.05234

 Columns 61 through 75:

   0.00000  -0.05234  -0.10453  -0.15643  -0.20791  -0.25882  -0.30902  -0.35837  -0.40674  -0.45399  -0.50000  -0.54464  -0.58779  -0.62932  -0.66913

 Columns 76 through 90:

  -0.70711  -0.74314  -0.77715  -0.80902  -0.83867  -0.86603  -0.89101  -0.91355  -0.93358  -0.95106  -0.96593  -0.97815  -0.98769  -0.99452  -0.99863

 Columns 91 through 105:

  -1.00000  -0.99863  -0.99452  -0.98769  -0.97815  -0.96593  -0.95106  -0.93358  -0.91355  -0.89101  -0.86603  -0.83867  -0.80902  -0.77715  -0.74314

 Columns 106 through 120:

  -0.70711  -0.66913  -0.62932  -0.58779  -0.54464  -0.50000  -0.45399  -0.40674  -0.35837  -0.30902  -0.25882  -0.20791  -0.15643  -0.10453  -0.05234

 Column 121:

  -0.00000

>> whos
Variables in the current scope:

   Attr Name        Size                     Bytes  Class
   ==== ====        ====                     =====  ===== 
        x           1x121                       24  double
        y           1x121                      968  double

Total is 242 elements using 992 bytes

>> plot(x,y)
>> grid()
>> xlabel("x radians")
>> ylabel("sin(x)")
>> close
>> diary off
